7 7
0 1 12
1 2 22
2 3 12
3 4 123
5 6 123
5 1 123
2 6 1
293.0

7 4
0 1 12
1 2 22
3 4 123
2 6 1
构不成最小生成树

5 4
0 1 12
1 2 22
2 4 1
3 1 123
158.0

7 7
0 1 12
1 2 22
2 4 1
3 1 1
5 1 1
2 5 50
6 4 50
87.0

9 10
0 1 12
1 2 22
2 4 1
3 1 1
5 1 1
2 5 50
6 4 50
7 4 100
7 3 30
7 8 70
187.0

12 14
0 1 12
1 2 22
2 4 1
3 1 1
5 1 1
2 5 50
6 4 50
7 4 100
7 3 30
7 8 70
9 8 100
9 10 100
11 10 80
6 10 30
397.0

10 10
1 0 1
3 0 1
4 2 50
5 2 100
5 1 30
5 6 70
7 6 100
7 8 100
9 8 80
4 8 30
462.0

9 8
2 0 1
3 1 50
4 1 100
4 5 70
6 5 100
6 7 100
8 7 80
3 7 30
构不成最小生成树

7 7
1 0 50
2 0 100
2 3 70
4 3 100
4 5 100
6 5 80
1 5 30
430.0

11 10
1 0 50
2 0 100
2 3 70
4 3 100
4 5 100
6 5 80
1 5 30
7 5 30
8 9 20
10 7 20
构不成最小生成树

12 12
1 0 50
2 0 100
2 3 70
4 3 100
4 5 100
6 5 80
1 5 30
7 5 30
8 9 20
10 7 20
11 7 20
11 9 20
540.0

12 11
2 0 100
3 4 100
5 4 80
1 4 30
6 4 30
7 8 20
9 6 20
10 6 20
10 8 20
11 2 39.1
11 4 21.1
480.2

11 9
2 0 100
3 4 100
5 4 80
1 4 30
6 4 30
7 8 20
9 6 20
10 6 20
10 8 20
构不成最小生成树

9 7
3 2 80
1 2 30
4 2 30
5 6 20
7 4 20
8 4 20
8 6 20
构不成最小生成树

8 7
2 1 80
0 1 30
3 1 30
4 5 20
6 3 20
7 3 20
7 5 20
220.0

10 9
2 1 80
0 1 30
3 1 30
4 5 20
6 3 20
7 3 20
7 5 20
8 1 123
9 1 123.1
466.1

11 10
2 1 80
0 1 30
3 1 30
4 5 20
6 3 20
7 3 20
7 5 20
8 1 123
9 1 123.1
10 1 1000
1466.1

13 12
2 1 80
0 1 30
3 1 30
4 5 20
6 3 20
7 3 20
7 5 20
8 1 123
9 1 123.1
10 1 1000
10 11 300
12 11 300
2066.1

14 13
2 1 80
0 1 30
3 1 30
4 5 20
6 3 20
7 3 20
7 5 20
8 1 123
9 1 123.1
10 1 1000
10 11 300
12 11 300
13 11 1200
3266.1

12 7
2 3 20
4 1 20
5 1 20
5 3 20
8 9 300
10 9 300
11 9 1200
构不成最小生成树

5 4
0 1 12
0 2 100
0 3 200
0 4 300
612.0

11 10
0 1 12
0 2 100
0 3 200
0 4 300
4 5 400
6 7 321.3
8 7 123
8 9 398.1
10 9 412.4
10 2 200
2466.8

11 10
0 1 12
0 2 100
0 3 200
0 4 300
6 7 321.3
8 7 123
8 9 398.1
10 2 200
4 5 12
9 10 30
1696.4

11 8
0 1 12
0 2 100
0 3 200
0 4 300
8 7 123
10 2 200
4 5 12
9 10 30
构不成最小生成树

10 9
0 1 12
0 2 100
0 3 200
0 4 20.4
5 4 23
6 7 40
8 6 122
8 9 122
5 9 122
761.4

10 9
0 1 12
0 2 100
0 4 20.4
5 4 23
6 7 40
8 6 122
8 9 122
5 9 122
0 3 78.3
639.7

10 9
0 1 12
0 4 20.4
5 4 23
6 7 40
8 6 122
8 9 122
5 9 122
0 3 78.3
0 2 12.4
552.1

10 10
0 1 12
0 4 20.4
5 4 23
6 7 40
8 6 122
8 9 122
5 9 122
0 3 78.3
0 2 12.4
0 9 12.4
442.5

10 11
0 1 12
0 4 20.4
5 4 23
6 7 40
8 6 122
8 9 122
5 9 122
0 3 78.3
0 2 12.4
0 9 12.4
0 6 12.4
332.9

10 12
0 1 12
0 4 20.4
5 4 23
6 7 40
8 6 122
8 9 122
5 9 122
0 3 78.3
0 2 12.4
0 9 12.4
0 6 12.4
8 5 12.4
223.3

11 13
0 1 12
0 4 20.4
5 4 23
6 7 40
8 6 122
8 9 122
5 9 122
0 3 78.3
0 2 12.4
0 9 12.4
0 6 12.4
8 5 12.4
10 5 1230.2
1453.5

11 14
0 1 12
0 4 20.4
5 4 23
6 7 40
8 6 122
8 9 122
5 9 122
0 3 78.3
0 2 12.4
0 9 12.4
0 6 12.4
8 5 12.4
10 5 1230.2
10 8 300
523.3

9 8
0 1 13.3
0 2 112
3 4 112
5 3 112
6 3 112
7 3 112
7 8 112
7 1 112
797.3

5 4
0 1 123
0 2 123
3 2 123
3 4 123
492.0

7 6
0 1 123
0 2 123
3 2 123
3 4 123
3 5 123
6 5 123
738.0

10 8
0 1 123
0 2 123
3 2 123
3 4 123
3 5 123
6 5 123
6 7 123
8 9 123
构不成最小生成树

13 12
0 1 123
0 2 123
3 2 123
3 4 123
3 5 123
6 5 123
6 7 123
8 9 123
10 9 123
10 11 123
12 11 123
9 6 123
1476.0

9 6
2 1 123
2 3 123
5 6 123
7 6 123
7 8 123
6 4 123
构不成最小生成树

9 8
1 0 123
1 2 123
4 5 123
6 5 123
6 7 123
5 3 123
8 3 123
2 4 123
984.0

7 10
0 1 1.3
0 2 1.3
3 2 1.3
4 2 1.3
0 4 123
3 4 123
5 4 123
5 1 12.7
6 1 70
0 5 7
82.2

9 12
0 1 1.3
0 2 1.3
3 2 1.3
4 2 1.3
0 4 123
3 4 123
5 4 123
5 1 12.7
6 1 70
0 5 7
2 5 7
7 8 7
构不成最小生成树

10 13
0 1 1.3
0 2 1.3
3 2 1.3
4 2 1.3
0 4 123
3 4 123
5 4 123
5 1 12.7
6 1 70
0 5 7
2 5 7
7 8 7
9 8 7
构不成最小生成树

11 15
0 1 1.3
0 2 1.3
3 2 1.3
4 2 1.3
0 4 123
3 4 123
5 4 123
5 1 12.7
6 1 70
0 5 7
2 5 7
7 8 7
9 8 7
9 10 7
0 10 7
110.2

13 16
0 1 1.3
0 2 1.3
3 2 1.3
4 2 1.3
0 4 123
3 4 123
5 4 123
5 1 12.7
6 1 70
0 5 7
2 5 7
7 8 7
9 8 7
9 10 7
0 10 7
11 12 7
构不成最小生成树

14 18
0 1 1.3
0 2 1.3
3 2 1.3
4 2 1.3
0 4 123
3 4 123
5 4 123
5 1 12.7
6 1 70
0 5 7
2 5 7
7 8 7
9 8 7
9 10 7
0 10 7
11 12 7
11 13 12
2 13 12
141.2

